The number of jobs:
80
The number of machines:
10
The number of vehicles:
6
The number of customers:
20

The processing time of each order processed on different machines:
(where rows denote machines: 1 to 10 and columns denote orders: 1 to 
80)
23,41,30,50,37,39,49,47,46,49,49,31,39,45,41,32,48,38,24,36,32,37,48,23,22,48,30,34,40,46,31,38,25,47,22,35,29,23,33,28,39,45,26,39,21,50,46,22,21,23,49,22,23,48,22,37,30,38,25,24,46,50,22,35,26,47,25,31,42,32,32,47,20,34,44,30,29,26,45,31
30,40,33,47,47,42,30,50,20,28,41,45,32,42,41,26,23,30,26,46,31,45,23,29,42,25,46,26,42,27,30,25,45,30,50,45,34,35,25,23,30,26,35,42,37,21,21,22,48,44,27,47,46,22,33,39,21,25,44,35,34,33,29,40,42,26,30,41,44,35,44,48,30,47,43,34,23,46,34,35
23,30,20,29,36,48,43,34,21,32,48,27,30,45,46,32,43,42,42,25,49,21,45,41,27,43,49,33,42,28,23,24,29,33,21,44,29,30,20,49,28,26,41,28,47,24,39,26,26,35,50,40,20,47,45,35,29,31,33,29,37,45,42,28,34,49,32,40,38,49,34,24,39,50,41,27,49,33,47,32
39,37,34,37,43,48,26,32,23,22,26,49,37,33,33,26,23,30,48,36,20,27,32,43,23,30,50,20,40,39,20,42,33,23,40,48,24,38,25,31,31,35,36,47,44,20,28,24,25,31,22,35,41,33,45,41,26,49,20,37,29,44,49,31,25,27,49,20,41,20,41,44,37,28,35,34,36,25,27,25
44,42,24,28,25,49,38,24,33,46,21,29,37,23,29,27,37,47,44,49,41,36,25,40,50,23,45,36,34,39,36,49,47,37,35,27,29,34,27,35,21,48,45,31,33,50,34,21,26,32,20,46,28,24,47,30,38,20,44,38,29,22,21,46,39,25,32,38,22,46,35,27,48,21,48,27,48,37,31,28
28,48,43,21,45,49,29,32,50,26,31,28,50,32,24,21,47,40,42,34,45,24,26,24,29,48,45,41,30,41,25,41,40,42,20,23,44,46,45,41,46,44,42,42,21,23,50,26,24,29,49,20,37,45,36,33,44,42,24,50,24,43,22,49,31,46,27,25,50,28,41,31,26,37,43,32,37,41,41,29
34,50,26,30,31,26,34,37,28,32,36,35,36,29,49,30,46,45,37,48,45,29,44,24,46,35,48,45,36,47,35,37,38,30,38,49,31,32,21,44,33,41,40,42,31,38,40,29,50,37,42,21,26,45,24,31,30,20,29,50,24,35,39,37,33,32,23,37,30,37,20,44,40,47,22,47,44,31,46,40
29,37,44,20,27,23,31,44,40,42,31,40,42,49,31,44,20,46,23,22,44,49,46,50,50,41,20,46,28,26,32,43,36,49,22,23,26,41,31,30,26,40,47,26,37,23,31,39,27,37,44,40,48,22,44,34,29,42,27,27,42,50,47,48,26,37,30,46,25,28,50,50,25,30,43,29,38,46,28,42
28,44,49,30,46,25,32,20,50,28,23,49,23,22,39,26,41,24,28,35,20,20,27,28,35,24,21,48,38,49,46,39,38,48,23,46,37,32,25,22,48,34,33,29,32,32,31,24,27,23,37,25,32,25,47,34,38,34,35,45,22,43,39,30,35,48,44,31,45,28,43,43,31,35,38,42,21,29,26,34
39,48,31,25,38,20,20,33,38,26,29,21,31,22,42,20,30,40,22,42,49,37,31,21,38,31,50,32,36,29,50,37,31,32,35,20,26,47,27,22,26,46,44,42,25,27,28,28,49,20,46,32,48,28,33,26,26,24,39,24,40,50,45,31,29,39,40,41,36,21,47,29,24,40,27,32,24,37,50,44

The processing power of each machine:
(where rows denote machines: 1 to 10 and columns denote speed level: 1 to 
5)
1,4,5,8,10
1,2,3,6,10
2,3,8,11,14
1,5,8,10,12
2,3,4,8,9
1,2,3,9,10
4,5,6,8,9
4,5,7,9,10
1,2,5,7,10
1,5,7,9,10

The distance between each location:
(where rows and columns denote locations: 0 to 20)
0,95,91,97,14,115,108,81,29,124,82,26,69,64,100,115,98,95,30,94,58
95,0,116,173,108,113,200,87,122,217,157,85,37,96,178,177,154,44,66,189,151
91,116,0,183,99,34,133,160,110,152,169,111,120,149,184,204,46,147,93,153,103
97,173,183,0,85,211,117,103,73,120,16,91,137,83,6,31,174,149,115,68,93
14,108,99,85,0,126,97,85,15,113,71,31,81,65,88,105,101,105,43,81,48
115,113,34,211,126,0,167,174,138,186,196,132,127,167,213,230,77,151,110,186,136
108,200,133,117,97,167,0,178,88,19,115,128,177,155,114,148,97,202,137,51,49
81,87,160,103,85,174,178,0,90,190,89,55,53,23,109,97,178,50,67,146,131
29,122,110,73,15,138,88,90,0,102,59,41,93,69,75,95,106,116,57,66,40
124,217,152,120,113,186,19,190,102,0,121,143,193,167,116,151,115,218,153,52,66
82,157,169,16,71,196,115,89,59,121,0,75,121,68,21,37,163,134,99,69,85
26,85,111,91,31,132,128,55,41,143,75,0,53,39,95,102,124,75,25,106,79
69,37,120,137,81,127,177,53,93,193,121,53,0,59,142,140,149,28,41,159,127
64,96,149,83,65,167,155,23,69,167,68,39,59,0,89,82,163,67,58,122,109
100,178,184,6,88,213,114,109,75,116,21,95,142,89,0,35,174,155,119,64,92
115,177,204,31,105,230,148,97,95,151,37,102,140,82,35,0,200,147,127,99,122
98,154,46,174,101,77,97,178,106,115,163,124,149,163,174,200,0,177,113,129,83
95,44,147,149,105,151,202,50,116,218,134,75,28,67,155,147,177,0,68,180,153
30,66,93,115,43,110,137,67,57,153,99,25,41,58,119,127,113,68,0,123,87
94,189,153,68,81,186,51,146,66,52,69,106,159,122,64,99,129,180,123,0,50
58,151,103,93,48,136,49,131,40,66,85,79,127,109,92,122,83,153,87,50,0

The weight of each order:
20,16,17,14,13,14,17,20,19,19,16,14,18,14,14,20,19,15,12,11,12,13,18,13,10,11,10,16,13,19,12,20,12,11,15,19,19,20,13,20,15,12,16,18,14,18,11,19,17,11,14,17,11,17,11,14,20,13,16,11,13,12,18,19,12,10,20,20,13,15,18,18,10,20,16,10,17,10,11,17

The earliness and tardiness  penalty factors:
(where row 1 and 2 denote unit earliness and tardiness  penalty cost of orders respectively.)
4,8,10,6,9,5,9,3,7,4,3,3,8,3,3,2,5,3,10,5,4,7,9,8,2,6,3,2,8,2,1,10,10,4,10,2,10,8,9,5,4,1,1,2,6,7,8,4,10,1,7,9,2,1,5,4,1,8,3,1,4,8,2,6,2,5,3,6,5,4,10,4,10,9,6,4,7,2,3,4
15,20,15,17,13,12,17,20,16,14,10,18,10,12,20,16,18,17,18,13,16,12,10,16,17,10,15,18,17,11,16,18,11,20,17,17,19,13,11,14,13,16,17,12,12,17,16,13,14,11,13,13,12,12,17,13,20,18,13,15,11,12,19,14,10,18,19,15,15,10,13,11,17,10,11,18,19,20,11,17

The delivery time window of orders:
777,550,755,670,633,710,623,503,858,821,992,632,662,752,546,949,631,556,756,856,757,852,950,586,696,871,548,829,732,745,539,689,746,852,504,870,539,551,704,806,584,913,933,660,534,742,684,705,858,746,942,563,532,752,855,566,672,709,751,992,869,591,566,815,565,666,715,925,647,950,973,563,662,961,776,790,542,932,861,869
1145,1083,1302,1415,1361,1322,1204,1118,1217,1152,1373,1314,1305,1355,1019,1347,1327,1255,1416,1093,1474,1069,1092,1304,1045,1160,1366,1005,1245,1261,1124,1051,1472,1463,1477,1308,1139,1294,1300,1055,1122,1292,996,1264,1142,1475,1044,1092,1197,1139,1477,1261,1067,1329,1451,1013,1015,1106,1373,1078,1130,1401,1099,1199,1416,1321,1443,1311,1034,1254,1414,1359,1271,1309,1163,1161,1038,1081,1342,1447

the loading and unloading time of each order:
5,4,4,4,3,4,4,5,5,5,4,4,5,4,4,5,5,4,3,3,3,3,5,3,3,3,3,4,3,5,3,5,3,3,4,5,5,5,3,5,4,3,4,5,4,5,3,5,4,3,4,4,3,4,3,4,5,3,4,3,3,3,5,5,3,3,5,5,3,4,5,5,3,5,4,3,4,3,3,4

The optional processing speed set of each order:
(where rows denote orders: 1 to 80)
1,2,3,4,5
1,2,3,4
1,3,4
1,2,3
1,2,3,4,5
1,2,3,4
1,2,4,5
2,4
1,2
1,2,3,4,5
2,4,5
4
4
1
2
1
1,2,3,4,5
2
2,3
3,4
5
3,4,5
1,2,3,4,5
1,2,4,5
2,3,4
1,2,4
1,2,5
1,2,3,5
1,2,3,4,5
1,2,3,4
1,2,3,4,5
1,2,3
1,3,4,5
2,3,4,5
1,4
5
1,2,4
1,2,4,5
1,2,3,4,5
1,2,3,4,5
5
1
4
1,2,3,4
5
1,3,4,5
1,2,3,4,5
2,3,4,5
2,3
1,2,3,4,5
2
2,4
1,4
1,2,3,5
2,3
2,3
1,2,3,4,5
1,2,4,5
1,2,3,4,5
1,2,3,4,5
1,2,3,4,5
2
4
1,2,3,4,5
1
1,2,3,4
5
1,3,4,5
1,2,3,4,5
1,2,3
1,3
2,3,4
1
1,3
1,5
2
1,3,4,5
2,5
2,5
1

The customer order set:
(where rows denote customers: 1 to 20)
37,33,45,70,5,60
80,76,28,56,18,14,43,11,30
32,58,9,51,66
59,25,12,67,57,77
35,22,1,47
69,15,53,17,2,63
78
34,10
61
71,27,21,23,40
42,62
50
16,73
65,3,74,46
29,44,4,48,55,75
26,13,52
49,79,72
39,6,64,24
36,41,38,8,54
68,31,7,20,19

