The number of jobs:
40
The number of machines:
5
The number of vehicles:
3
The number of customers:
12

The processing time of each order processed on different machines:
(where rows denote machines: 1 to 5 and columns denote orders: 1 to 
40)
44,42,49,34,36,34,41,25,28,37,32,23,46,34,31,26,37,34,35,35,30,23,29,22,24,27,24,47,23,48,46,34,25,27,45,33,29,47,46,45
21,41,45,28,22,38,21,36,26,40,20,46,26,43,27,22,33,38,50,41,32,21,39,22,29,38,32,48,49,35,49,22,26,20,47,46,20,20,30,44
36,49,23,45,41,45,44,33,43,48,24,45,29,28,45,27,26,44,29,31,20,38,36,20,31,30,23,36,47,50,42,36,50,30,31,20,20,26,43,44
30,21,26,38,48,31,27,24,47,34,30,30,42,32,30,35,21,44,41,44,27,29,45,24,41,49,32,31,21,23,23,43,46,50,23,25,35,49,35,26
21,40,32,26,21,34,37,42,50,35,31,43,33,39,45,23,35,45,31,24,42,23,43,41,47,46,30,23,41,22,35,33,28,41,37,35,21,48,28,41

The processing power of each machine:
(where rows denote machines: 1 to 5 and columns denote speed level: 1 to 
5)
1,2,3,7,9
2,5,7,9,10
3,4,7,9,12
2,3,4,7,9
1,5,6,7,10

The distance between each location:
(where rows and columns denote locations: 0 to 12)
0,79,77,99,84,95,86,97,102,48,38,10,100
79,0,150,34,18,103,161,166,111,35,115,71,68
77,150,0,160,159,107,80,21,108,124,63,82,141
99,34,160,0,50,88,185,173,95,65,137,89,42
84,18,159,50,0,120,161,176,128,36,118,77,85
95,103,107,88,120,0,167,111,8,105,123,88,49
86,161,80,185,161,167,0,97,172,126,48,96,184
97,166,21,173,176,111,97,0,111,142,84,100,150
102,111,108,95,128,8,172,111,0,113,129,95,56
48,35,124,65,36,105,126,142,113,0,82,42,85
38,115,63,137,118,123,48,84,129,82,0,48,136
10,71,82,89,77,88,96,100,95,42,48,0,90
100,68,141,42,85,49,184,150,56,85,136,90,0

The weight of each order:
10,13,10,11,12,20,17,14,20,10,15,18,18,16,11,16,19,12,14,12,14,17,20,11,19,17,17,14,19,16,19,10,10,10,18,11,13,14,20,20

The earliness and tardiness  penalty factors:
(where row 1 and 2 denote unit earliness and tardiness  penalty cost of orders respectively.)
4,8,5,8,5,7,10,8,5,5,1,9,5,8,4,8,7,6,7,2,7,5,8,4,5,8,10,9,10,10,7,3,10,10,7,5,1,2,10,10
19,10,15,16,17,13,17,14,16,12,18,15,13,11,16,15,10,15,10,10,16,17,12,18,12,17,11,15,12,15,15,15,18,18,16,20,17,10,10,18

The delivery time window of orders:
412,358,508,453,481,331,470,447,560,290,314,478,422,391,433,360,378,313,551,454,327,434,430,414,405,419,508,419,290,362,431,470,370,385,322,513,426,465,449,490
730,621,688,638,588,644,650,631,819,754,784,733,688,722,675,765,848,765,760,792,748,837,767,655,612,847,588,682,742,715,731,712,790,774,868,861,712,601,835,639

the loading and unloading time of each order:
3,3,3,3,3,5,4,4,5,3,4,5,5,4,3,4,5,3,4,3,4,4,5,3,5,4,4,4,5,4,5,3,3,3,5,3,3,4,5,5

The optional processing speed set of each order:
(where rows denote orders: 1 to 40)
1,2
1,2,3,4,5
3,4
1,2,3
1,3
5
3
1,5
2,3,4,5
1,4,5
2,3,4,5
1,2,3,5
1,4,5
1,2
1,2,4
1,2,3,4,5
2
2,3,5
1,2,3,4,5
1,5
1,2,3,5
2,3
1,2,3,4,5
1,5
1,2,3,4,5
1,2,3,4,5
1,2,3,4
1,2,3,4,5
1,3,4,5
2,3,4,5
1,3,5
2,3,4
1,4
1,4,5
1,4,5
1,2,4,5
1,4,5
1,4,5
1,2,3,5
2

The customer order set:
(where rows denote customers: 1 to 12)
19,32,15,27,17,16,38
36,5
21,23,29,14
4,25,8,39,35,9
6,2,3
1,33,28
18
34
37,26,7,20
30,11
12,40,31
10,22,13,24

