The number of jobs:
40
The number of machines:
5
The number of vehicles:
3
The number of customers:
10

The processing time of each order processed on different machines:
(where rows denote machines: 1 to 5 and columns denote orders: 1 to 
40)
30,45,44,23,21,26,28,35,43,50,30,31,50,34,35,25,21,35,25,44,27,25,29,47,22,39,24,22,43,36,41,23,31,38,39,28,43,50,31,47
22,47,43,32,39,40,46,43,46,35,22,33,27,38,46,41,40,44,32,23,44,30,41,40,20,28,27,45,35,31,40,25,37,37,33,28,41,50,48,40
38,33,36,31,23,50,43,37,48,24,30,34,28,47,33,43,47,27,44,49,25,40,39,26,50,41,39,33,46,49,49,35,44,30,47,39,38,42,30,46
22,24,32,22,43,32,35,33,41,24,39,40,48,22,49,21,25,36,24,27,47,42,32,21,50,41,33,45,48,26,38,49,28,31,49,37,39,45,47,32
34,34,32,46,30,33,35,30,50,41,25,27,23,39,50,40,36,38,41,23,23,39,47,24,40,45,37,32,28,40,38,39,24,21,23,32,36,26,34,43

The processing power of each machine:
(where rows denote machines: 1 to 5 and columns denote speed level: 1 to 
5)
2,5,7,10,12
2,4,5,6,8
1,2,3,4,8
3,4,6,7,9
1,4,5,6,8

The distance between each location:
(where rows and columns denote locations: 0 to 10)
0,100,95,76,118,33,102,39,34,110,29
100,0,68,34,116,104,135,106,83,178,126
95,68,0,81,169,77,174,123,101,126,108
76,34,81,0,89,89,102,74,52,170,104
118,116,169,89,0,148,41,83,86,228,143
33,104,77,89,148,0,135,72,62,82,32
102,135,174,102,41,135,0,63,77,209,122
39,106,123,74,83,72,63,0,24,147,61
34,83,101,52,86,62,77,24,0,143,62
110,178,126,170,228,82,209,147,143,0,87
29,126,108,104,143,32,122,61,62,87,0

The weight of each order:
14,19,15,20,11,20,16,13,12,15,11,20,14,14,10,15,16,12,20,10,17,19,15,16,15,10,17,13,20,12,17,12,13,15,13,11,18,19,12,17

The earliness and tardiness  penalty factors:
(where row 1 and 2 denote unit earliness and tardiness  penalty cost of orders respectively.)
5,4,1,5,9,5,9,4,6,5,8,8,7,10,10,5,10,9,1,5,10,9,3,3,2,4,3,5,5,8,6,7,2,5,5,3,4,7,6,9
12,13,15,18,17,11,11,17,17,17,15,20,16,10,10,10,18,16,14,18,19,14,20,16,20,13,19,15,20,13,14,19,15,20,16,13,17,11,12,11

The delivery time window of orders:
383,471,308,349,479,358,338,365,366,507,326,422,461,535,542,498,536,330,329,366,364,329,541,459,563,434,497,307,303,560,291,403,426,372,538,422,348,532,290,538
716,793,744,588,834,708,788,599,855,808,857,689,746,585,721,638,686,686,736,804,839,586,751,584,593,691,778,731,852,859,818,700,603,580,738,758,831,683,827,711

the loading and unloading time of each order:
4,5,4,5,3,5,4,3,3,4,3,5,4,4,3,4,4,3,5,3,4,5,4,4,4,3,4,3,5,3,4,3,3,4,3,3,5,5,3,4

The optional processing speed set of each order:
(where rows denote orders: 1 to 40)
1,2,4
1,2,3,4,5
1,4,5
2,3,5
1,2,5
1,2,4,5
1,3,4,5
1,2,3,4,5
2,3,5
1,2,3,4,5
1,2,3,4,5
1,2,3,4,5
1,2,4
1,2,3,4
1,3,4,5
1,2,3,4,5
1,2,3,4,5
2,4
4,5
3,4
1,5
3
5
2
1,2,3,5
3
1,3,4,5
3,4
1,4,5
2,3,4,5
3
2,4,5
1,3,4,5
1,2,3,4,5
4
2,3,5
3,5
1,2,3,4,5
5
3,5

The customer order set:
(where rows denote customers: 1 to 10)
19
14,8
38,27,35,23,24,26,5
21,2,16,6,9,37,22,4
31,34,25
13,40
15,20,1,36,33,29,39,12,10,11
18,30
17
28,32,3,7

