The number of jobs:
80
The number of machines:
9
The number of vehicles:
5
The number of customers:
22

The processing time of each order processed on different machines:
(where rows denote machines: 1 to 9 and columns denote orders: 1 to 
80)
35,50,39,33,30,28,21,44,35,48,42,41,24,29,39,48,32,32,45,23,31,32,36,50,38,50,37,48,27,39,23,27,27,24,41,48,30,22,38,23,35,22,45,50,31,36,36,27,48,26,31,43,39,44,35,22,32,29,47,32,41,21,22,23,50,33,41,36,27,23,44,44,23,28,37,26,42,21,38,33
41,47,50,23,39,49,45,47,32,31,36,38,48,29,29,38,43,26,33,46,38,34,28,25,24,38,20,35,21,26,38,29,20,26,38,37,44,47,34,49,42,40,45,30,32,30,37,23,45,25,22,37,34,22,47,23,34,25,41,42,41,33,32,47,37,38,35,30,42,46,22,39,43,35,33,27,46,23,50,36
41,37,29,33,20,44,28,31,28,46,21,37,33,34,24,27,24,32,46,22,34,20,22,23,30,27,45,44,50,38,44,42,43,36,32,40,27,46,25,44,36,49,39,44,50,23,48,24,20,26,47,41,43,26,45,47,20,23,31,47,41,25,28,46,29,43,26,47,30,39,49,33,22,27,43,44,35,30,35,32
37,26,38,21,37,49,33,43,33,38,22,25,37,23,43,47,25,34,37,24,48,46,28,28,30,43,24,42,22,46,38,42,23,40,45,22,38,27,31,48,36,49,43,40,48,29,47,28,34,37,22,29,24,24,50,38,21,49,36,48,47,34,32,35,20,20,33,40,23,47,40,33,37,35,21,50,42,31,35,48
36,39,31,41,25,26,23,31,38,41,41,49,21,34,21,26,41,21,28,32,45,36,29,39,20,20,31,45,37,20,44,47,43,28,49,21,25,29,27,25,32,23,43,30,44,24,35,31,44,40,42,45,47,31,45,43,38,34,41,49,48,45,42,29,44,27,47,30,24,42,22,37,38,24,37,50,23,21,20,29
38,49,27,37,35,35,24,26,34,32,33,43,32,38,43,30,35,48,22,36,46,36,35,49,41,27,22,39,27,34,21,47,42,46,20,42,42,49,31,38,50,32,49,28,25,25,28,23,27,21,48,44,36,49,21,43,26,25,40,47,43,48,21,40,48,49,23,22,22,30,23,27,48,24,45,39,29,47,29,27
38,39,45,22,23,49,39,36,42,43,35,20,45,49,26,40,26,48,48,29,36,24,23,37,39,24,21,47,27,34,33,50,27,24,30,37,47,23,30,25,50,49,29,20,43,21,45,25,31,33,36,42,34,23,28,46,35,44,28,48,43,36,41,24,46,30,42,27,24,21,43,49,32,50,30,31,21,47,38,37
28,43,38,36,22,28,22,21,26,49,29,34,41,26,37,21,40,21,48,25,44,28,47,23,28,42,43,41,41,47,41,44,30,25,34,44,29,29,24,40,39,31,32,30,23,29,22,20,27,31,47,40,41,30,43,25,22,21,20,20,31,44,30,42,27,38,48,37,46,47,47,36,45,46,36,41,33,49,30,50
37,31,28,29,48,45,46,33,28,43,39,26,34,43,43,37,45,25,34,50,36,30,27,49,41,40,33,47,39,36,42,45,28,25,45,47,24,47,28,38,35,38,47,33,30,28,25,47,40,33,21,25,39,42,20,41,47,42,30,25,46,24,45,40,40,30,25,31,50,33,42,44,25,32,21,35,42,36,41,42

The processing power of each machine:
(where rows denote machines: 1 to 9 and columns denote speed level: 1 to 
5)
1,2,3,5,8
3,5,7,9,10
2,4,7,9,10
3,5,6,9,10
4,6,9,11,12
1,2,4,6,7
1,3,6,7,10
1,5,8,11,13
1,4,5,6,7

The distance between each location:
(where rows and columns denote locations: 0 to 22)
0,21,118,65,103,23,63,53,120,63,97,93,94,36,88,84,75,36,16,56,21,127,56
21,0,122,86,115,10,42,72,99,51,90,112,94,16,105,105,85,43,28,36,2,129,51
118,122,0,118,52,131,132,149,186,172,62,99,213,121,88,146,189,82,134,147,119,245,74
65,86,118,0,76,88,127,43,185,122,131,39,133,100,41,29,91,65,69,122,85,152,94
103,115,52,76,0,122,141,115,201,165,96,49,194,121,39,102,160,72,116,148,113,221,83
23,10,131,88,122,0,45,70,98,42,99,117,84,21,110,105,77,52,24,34,12,120,61
63,42,132,127,141,45,0,114,61,57,82,149,111,27,140,147,119,72,69,23,43,149,60
53,72,149,43,115,70,114,0,166,92,145,82,91,88,83,41,48,76,45,102,73,109,103
120,99,186,185,201,98,61,166,0,81,128,209,129,86,201,203,156,133,121,64,100,164,119
63,51,172,122,165,42,57,92,81,0,133,155,55,52,150,132,74,94,54,34,53,93,100
97,90,62,131,96,99,82,145,128,133,0,130,182,82,118,159,172,69,113,102,88,219,42
93,112,99,39,49,117,149,82,209,155,130,0,171,124,12,57,129,78,101,148,110,191,102
94,94,213,133,194,84,111,91,129,55,182,171,0,101,169,130,49,130,79,88,96,38,144
36,16,121,100,121,21,27,88,86,52,82,124,101,0,116,120,98,49,44,27,16,138,48
88,105,88,41,39,110,140,83,201,150,118,12,169,116,0,63,130,69,97,141,103,192,91
84,105,146,29,102,105,147,41,203,132,159,57,130,120,63,0,83,92,82,138,104,143,121
75,85,189,91,160,77,119,48,156,74,172,129,49,98,130,83,0,109,59,99,86,62,131
36,43,82,65,72,52,72,76,133,94,69,78,130,49,69,92,109,0,52,76,41,163,29
16,28,134,69,116,24,69,45,121,54,113,101,79,44,97,82,59,52,0,57,29,110,72
56,36,147,122,148,34,23,102,64,34,102,148,88,27,141,138,99,76,57,0,38,127,73
21,2,119,85,113,12,43,73,100,53,88,110,96,16,103,104,86,41,29,38,0,131,49
127,129,245,152,221,120,149,109,164,93,219,191,38,138,192,143,62,163,110,127,131,0,180
56,51,74,94,83,61,60,103,119,100,42,102,144,48,91,121,131,29,72,73,49,180,0

The weight of each order:
20,18,16,17,13,15,12,12,20,20,10,10,17,18,19,14,18,16,17,14,20,15,11,12,12,17,17,11,13,15,12,17,10,12,10,17,17,10,10,13,19,16,16,13,16,17,10,18,11,15,15,19,17,11,13,17,15,17,19,12,16,13,12,13,15,17,14,18,20,19,18,19,17,11,10,18,15,20,13,19

The earliness and tardiness  penalty factors:
(where row 1 and 2 denote unit earliness and tardiness  penalty cost of orders respectively.)
2,2,7,5,6,6,2,5,5,2,1,7,8,1,5,2,10,3,5,9,5,5,4,8,3,7,5,9,6,3,1,9,2,6,1,6,7,2,5,1,7,6,10,2,1,7,1,6,6,5,6,6,10,9,2,5,7,6,1,9,7,4,5,7,4,4,1,4,3,6,3,1,2,5,8,8,8,9,9,3
12,15,12,12,12,10,11,20,11,14,20,13,12,19,20,10,11,13,12,17,11,12,16,16,12,18,16,10,10,20,13,16,18,19,13,17,16,12,12,12,14,14,13,14,18,19,14,11,10,18,14,14,13,19,16,14,14,14,18,10,11,13,16,14,12,17,12,18,17,17,16,11,12,14,18,10,15,15,16,15

The delivery time window of orders:
593,652,865,674,812,742,616,640,922,833,663,856,620,504,782,469,764,631,614,661,579,849,809,587,707,786,595,869,839,782,513,666,765,585,847,704,928,542,534,474,728,834,486,590,627,777,880,630,909,928,691,707,787,774,744,645,642,791,643,869,477,472,617,779,914,834,735,798,909,587,510,546,637,866,587,730,514,621,492,768
1193,1154,1028,1184,938,1360,960,1286,1384,1275,1073,1270,1089,1323,1277,1123,950,1025,1320,1340,1348,1100,1082,1240,965,1123,1318,966,1025,1329,1311,1194,952,1106,948,1116,1054,1157,1382,1202,962,1000,1004,1000,1344,993,1025,1176,1281,1107,1212,952,1130,1049,1160,1388,1047,1297,1115,1269,1084,928,1030,1256,1337,1374,935,1301,984,1098,1273,985,1158,1028,1265,1249,1156,1153,1181,952

the loading and unloading time of each order:
5,5,4,4,3,4,3,3,5,5,3,3,4,5,5,4,5,4,4,4,5,4,3,3,3,4,4,3,3,4,3,4,3,3,3,4,4,3,3,3,5,4,4,3,4,4,3,5,3,4,4,5,4,3,3,4,4,4,5,3,4,3,3,3,4,4,4,5,5,5,5,5,4,3,3,5,4,5,3,5

The optional processing speed set of each order:
(where rows denote orders: 1 to 80)
4
2,3,5
1,3,4,5
1,2,5
1,2,3,4,5
1,2,3,4
5
4
1,2,3
1,2,3,5
1,2,3,4,5
2,3,5
1,2,3,4,5
1,2,3,4
4,5
2
1,2,3,4,5
1,2,3,4,5
3,4
5
1,2,3,4,5
2,4
3
1
1,3,4,5
1,2,3,4,5
5
2,4
3
1,2,3,4,5
2
2,3,4,5
1,3,4
1,2,3,4,5
2
2,3,4,5
1,2,3,5
2
4
2,5
2,3
3,4
1,5
2
2,4
2,3,4,5
1,2,3,5
1,3,4
2,3,4
3,4
1,4
2
1,2,3
1,2,3,4
1,2,3,4,5
1,3,4
1,2,4,5
1,2,3,4,5
2
1,3,4,5
4
3,5
1,4,5
1,2,3,4,5
1,2,3,4,5
1,3,4,5
2,3,4
1
1,2,4,5
2,4
1,2,3,4,5
2,4,5
1,4
2,3,4
1,2,3,5
2,3,5
3,4
5
1,2,3,4,5
1,2,3,4,5

The customer order set:
(where rows denote customers: 1 to 22)
45,57,75
63,6,54,16
51,31,39,24,61,3,64,32,25,5,53,21,36,60
35
11,80,44,58,52,2,26,30
48
14,9,73,77,50,62,78,12
10
79
34
42,18
33,41,38,69,68,22
56
74,55,71,23
17,37,29,72,4,40
28,43,65,20,70
7,49
76,8,19,15,13
27,46
66
47,67
59,1

