The number of jobs:
40
The number of machines:
6
The number of vehicles:
2
The number of customers:
12

The processing time of each order processed on different machines:
(where rows denote machines: 1 to 6 and columns denote orders: 1 to 
40)
22,47,44,42,28,41,23,50,47,46,40,41,34,45,39,47,21,40,49,22,25,40,27,43,28,32,34,20,41,37,48,29,20,36,36,44,40,50,41,37
39,50,23,29,31,42,44,27,27,50,50,23,50,45,38,28,42,20,43,49,36,40,37,46,29,20,33,27,33,36,38,41,20,23,39,46,27,33,50,25
42,20,24,40,38,40,33,26,26,30,41,23,37,45,21,22,23,21,28,27,48,31,39,35,42,49,25,38,43,29,42,39,47,32,28,49,30,50,50,43
24,45,50,32,23,37,39,44,21,31,47,41,37,49,29,44,32,49,27,37,47,41,27,38,31,50,42,21,33,43,22,28,34,47,46,37,44,39,30,21
43,31,23,39,27,50,48,34,22,45,35,45,20,40,30,47,46,24,27,44,34,44,44,28,46,50,44,24,37,28,47,43,43,49,37,23,38,48,49,40
46,36,24,43,41,28,33,46,30,49,25,32,45,29,22,45,40,49,26,38,22,45,42,31,25,46,20,35,26,28,21,20,43,39,36,45,27,44,41,20

The processing power of each machine:
(where rows denote machines: 1 to 6 and columns denote speed level: 1 to 
5)
1,5,6,8,10
1,3,5,7,9
3,4,6,8,9
1,2,4,5,9
1,2,6,8,9
2,3,7,9,10

The distance between each location:
(where rows and columns denote locations: 0 to 12)
0,89,63,112,116,121,21,50,100,98,105,120,52
89,0,145,194,128,171,101,132,155,153,193,64,140
63,145,0,50,109,153,45,69,59,59,57,182,27
112,194,50,0,134,185,94,106,69,71,45,232,66
116,128,109,134,0,237,101,158,65,63,163,190,129
121,171,153,185,237,0,137,85,210,209,147,148,126
21,101,45,94,101,137,0,57,79,78,93,139,42
50,132,69,106,158,85,57,0,125,124,79,145,42
100,155,59,69,65,210,79,125,0,3,104,208,86
98,153,59,71,63,209,78,124,3,0,105,206,85
105,193,57,45,163,147,93,79,104,105,0,220,53
120,64,182,232,190,148,139,145,208,206,220,0,169
52,140,27,66,129,126,42,42,86,85,53,169,0

The weight of each order:
20,14,10,14,13,17,15,20,19,11,13,11,13,10,18,20,17,13,13,19,12,13,14,16,13,10,18,10,12,15,12,20,15,10,20,13,15,16,19,17

The earliness and tardiness  penalty factors:
(where row 1 and 2 denote unit earliness and tardiness  penalty cost of orders respectively.)
6,3,8,5,3,10,8,4,8,7,9,9,8,4,1,2,10,3,10,2,10,1,7,3,3,10,3,3,6,6,1,1,10,7,9,4,8,7,9,10
15,18,18,16,17,13,10,16,19,14,10,10,11,15,19,12,17,16,17,12,13,16,14,15,12,20,18,13,15,18,11,16,12,10,15,17,16,15,13,15

The delivery time window of orders:
545,560,356,485,365,479,561,442,421,572,297,493,483,382,377,345,474,569,532,388,371,371,435,427,539,441,455,351,485,460,368,360,519,297,336,306,494,375,485,345
670,597,855,611,616,740,637,651,765,590,792,721,623,864,759,670,591,691,829,699,838,858,764,770,768,857,836,835,726,629,791,615,607,793,744,860,724,822,701,710

the loading and unloading time of each order:
5,4,3,4,3,4,4,5,5,3,3,3,3,3,5,5,4,3,3,5,3,3,4,4,3,3,5,3,3,4,3,5,4,3,5,3,4,4,5,4

The optional processing speed set of each order:
(where rows denote orders: 1 to 40)
1,2,3,5
2,3
2
1,5
3,4,5
5
2
1,2,3,4,5
1,2,3,4
2
3,4
1,3,5
1,3,4
2,3
1,4
1,3,5
1
1,2,3,5
1,3,4,5
2,3,4
1,3,4,5
2,4,5
1,2,4,5
2
1,4,5
3,4,5
1,4,5
1,2,3,4,5
3
1,2,4,5
1
1,4,5
2,4
2,3
2,4,5
1,2,3,4,5
3,4
1,2,3,4,5
3,5
1,2,3,5

The customer order set:
(where rows denote customers: 1 to 12)
36,35,21,4,10
27
29
18,32,16,6,37,24,12,13
34,7,30,31,19,11,20,5,33,9
26
2,15
38
3,14,40
28
23,39,1,25
8,22,17

