The number of jobs:
40
The number of machines:
6
The number of vehicles:
2
The number of customers:
11

The processing time of each order processed on different machines:
(where rows denote machines: 1 to 6 and columns denote orders: 1 to 
40)
43,36,46,26,33,23,41,47,24,33,50,37,36,44,47,23,39,30,26,20,20,36,30,28,45,28,43,22,41,46,32,50,37,32,41,26,25,45,41,22
40,35,25,21,32,22,38,22,41,23,22,49,35,20,39,27,31,29,24,24,22,44,34,38,30,26,37,47,34,45,38,41,23,29,41,43,36,42,34,21
21,40,46,35,33,44,32,34,25,37,21,41,49,40,23,24,29,48,45,37,37,37,49,40,30,21,50,34,38,42,20,45,39,50,21,29,50,44,42,42
23,47,46,21,44,23,43,44,21,32,26,38,40,35,27,27,27,33,29,22,26,25,22,39,27,49,24,32,32,38,33,48,20,40,49,39,37,35,31,46
39,41,49,27,42,26,33,30,40,50,40,24,34,20,31,30,48,29,39,42,26,31,23,24,41,42,32,20,30,37,36,27,50,27,34,39,50,46,35,26
21,37,27,33,22,47,34,36,23,45,34,39,37,36,38,24,44,24,39,30,41,38,31,24,27,34,27,21,36,48,34,34,32,50,21,44,31,38,37,36

The processing power of each machine:
(where rows denote machines: 1 to 6 and columns denote speed level: 1 to 
5)
2,5,6,7,9
1,2,3,5,10
1,6,9,11,12
2,3,4,6,10
1,3,4,6,9
2,3,4,8,10

The distance between each location:
(where rows and columns denote locations: 0 to 11)
0,91,35,79,74,34,110,49,108,88,89,57
91,0,60,153,96,91,46,140,194,99,171,147
35,60,0,95,57,53,90,82,134,68,111,87
79,153,95,0,74,110,184,57,50,86,25,44
74,96,57,74,0,104,137,97,123,16,98,94
34,91,53,110,104,0,94,67,131,117,115,79
110,46,90,184,137,94,0,157,218,142,198,167
49,140,82,57,97,67,157,0,64,113,52,14
108,194,134,50,123,131,218,64,0,136,25,51
88,99,68,86,16,117,142,113,136,0,111,110
89,171,111,25,98,115,198,52,25,111,0,38
57,147,87,44,94,79,167,14,51,110,38,0

The weight of each order:
13,19,12,12,18,11,18,10,14,11,15,11,14,20,13,11,20,20,11,10,14,18,15,15,17,11,17,16,19,18,10,14,13,10,18,17,15,12,13,15

The earliness and tardiness  penalty factors:
(where row 1 and 2 denote unit earliness and tardiness  penalty cost of orders respectively.)
5,3,2,5,4,7,1,1,10,4,5,4,3,10,8,2,8,9,1,9,7,9,6,8,2,10,1,1,6,1,6,9,9,6,10,8,7,8,8,9
17,16,15,15,10,13,14,19,20,12,19,14,14,19,20,20,12,11,19,14,20,19,14,12,14,14,19,12,12,17,15,11,15,19,15,20,12,20,15,19

The delivery time window of orders:
466,480,374,437,476,475,266,289,490,276,265,310,281,449,312,474,397,459,407,265,341,295,426,421,442,279,506,432,471,408,362,486,517,283,439,376,426,417,300,455
625,610,529,683,613,589,751,718,625,647,558,686,688,666,774,656,720,721,788,653,630,554,539,619,691,668,545,774,527,692,771,659,728,669,586,622,631,728,579,593

the loading and unloading time of each order:
3,5,3,3,5,3,5,3,4,3,4,3,4,5,3,3,5,5,3,3,4,5,4,4,4,3,4,4,5,5,3,4,3,3,5,4,4,3,3,4

The optional processing speed set of each order:
(where rows denote orders: 1 to 40)
1,3
1,3,5
3
4,5
3
2,3
1,2,3,5
3,4,5
1,3,4,5
2,3,4,5
4
1
1,3
1,2,3,4,5
1,2,3,4,5
1,2,3
1,2,3,4,5
4
1,2,3,4
2,3
1,2
1,2,4,5
1,2,3,4,5
1,4,5
4
3
1,2,3,4,5
1,2,4
2
1,4
4
1,2,3,4
1,2,3,4,5
1,3
1,2,3,4,5
1,3,5
2,4
1,5
2,4,5
2

The customer order set:
(where rows denote customers: 1 to 11)
10
29,24
6
15
21,30,39,19
34
26
37
1,3,9,23,2,14,8,4,18
35,7,25,36,31
32,40,22,13,28,33,17,16,38,12,5,27,20,11

